G 71849.031100  405786.276300  300413.128800    318.6590672     0.969135      0.0000      0.0000
G 71850.000235  405785.348495  300413.408800    318.5700625     4.999997      0.0000      0.0000
G 71855.000232  405780.559713  300414.846693    318.3430077     4.999999      0.0000      0.0000
G 71860.000231  405775.765831  300416.267498    318.1084007     4.999996      0.0000      0.0000
G 71865.000227  405770.966749  300417.670626    317.8902491     4.999996      0.0000      0.0000
G 71870.000223  405766.162886  300419.057301    317.6371349     4.999996      0.0000      0.0000
G 71875.000219  405761.353549  300420.424865    317.4028647     5.000000      0.0000      0.0000
G 71880.000219  405756.539208  300421.774723    317.2285132     4.999993      0.0000      0.0000
G 71885.000212  405751.721195  300423.111389    316.9124453     4.999991      0.0000      0.0000
G 71890.000203  405746.896606  300424.424118    316.7507538     4.999996      0.0000      0.0000
G 71895.000199  405742.068695  300425.724590    316.4342090     4.999982      0.0000      0.0000
G 71900.000181  405737.234390  300427.001037    316.2702052     4.999983      0.0000      0.0000
G 71905.000164  405732.396812  300428.265026    315.9640611     4.999995      0.0000      0.0000
G 71910.000159  405727.553200  300429.505740    315.8314490     4.999991      0.0000      0.0000
G 71915.000150  405722.707017  300430.736361    315.5354205     4.999996      0.0000      0.0000
G 71920.000146  405717.855160  300431.944435    315.3397262     4.999997      0.0000      0.0000
G 71925.000143  405712.999612  300433.137589    315.0855586     4.999997      0.0000      0.0000
G 71930.000140  405708.139339  300434.311348    314.8706070     4.999997      0.0000      0.0000
G 71935.000137  405703.275130  300435.468690    314.6707151     4.999996      0.0000      0.0000
G 71940.000133  405698.407312  300436.610753    314.4079034     4.999997      0.0000      0.0000
G 71945.000130  405693.534820  300437.732711    314.1975973     4.999998      0.0000      0.0000
G 71950.000128  405688.658647  300438.838567    313.9610024     4.999996      0.0000      0.0000
G 71955.000124  405683.778400  300439.926293    313.7446622     4.999998      0.0000      0.0000
G 71960.000122  405678.894482  300440.997429    313.5500588     4.999996      0.0000      0.0000
G 71965.000118  405674.007316  300442.053630    313.3295322     4.999998      0.0000      0.0000
G 71970.000116  405669.116518  300443.092896    313.1295468     4.999997      0.0000      0.0000
G 71975.000113  405664.222480  300444.116793    312.8484698     4.999997      0.0000      0.0000
G 71980.000110  405659.323970  300445.119072    312.6409758     4.999992      0.0000      0.0000
G 71985.000102  405654.422224  300446.105379    312.4872460     4.999994      0.0000      0.0000
G 71990.000096  405649.518108  300447.079847    312.2771101     4.999998      0.0000      0.0000
G 71995.000094  405644.610798  300448.038123    312.0869399     4.999995      0.0000      0.0000
G 72000.000089  405639.700651  300448.981735    311.8380500     4.999997      0.0000      0.0000
G 72005.000086  405634.786849  300449.906144    311.6322689     4.999994      0.0000      0.0000
G 72010.000080  405629.870089  300450.814664    311.4258356     4.999999      0.0000      0.0000
G 72015.000079  405624.950403  300451.707237    311.2724917     4.999987      0.0000      0.0000
G 72020.000066  405620.028594  300452.587955    311.0077697     4.999996      0.0000      0.0000
G 72025.000062  405615.103156  300453.448201    310.8054314     4.999997      0.0000      0.0000
G 72030.000059  405610.175009  300454.292788    310.6080128     4.999998      0.0000      0.0000
G 72035.000057  405605.244264  300455.122089    310.4102289     4.999997      0.0000      0.0000
G 72040.000054  405600.310968  300455.936067    310.1989867     4.999998      0.0000      0.0000
G 72045.000052  405595.374998  300456.733671    310.0190310     4.999996      0.0000      0.0000
G 72050.000048  405590.436794  300457.517319    309.8167336     4.999996      0.0000      0.0000
G 72055.000044  405585.496125  300458.285271    309.5446937     4.999998      0.0000      0.0000
G 72060.000042  405580.552217  300459.032104    309.4238395     4.999997      0.0000      0.0000
G 72065.000039  405575.606902  300459.769550    309.1933820     4.999975      0.0000      0.0000
G 72070.000014  405570.658971  300460.489086    308.8530437     9.905552      0.0000      0.0000
G 72079.905566  405560.849045  300461.862149    308.5837483    10.102293      0.0000      0.0000
G 72090.007859  405550.838443  300463.220150    308.1003665    10.076211      0.0000      0.0000
G 72100.084070  405540.843689  300464.498793    307.7688508     9.925420      0.0000      0.0000
G 72110.009490  405530.992082  300465.707016    307.4227261     9.949833      0.0000      0.0000
G 72119.959323  405521.109805  300466.864499    307.0152439    10.052976      0.0000      0.0000
G 72130.012299  405511.117804  300467.970048    306.6092048     9.938256      0.0000      0.0000
G 72139.950555  405501.233057  300468.999957    306.2950394     9.948290      0.0000      0.0000
G 72149.898845  405491.333363  300469.982064    305.8775620    10.072584      0.0000      0.0000
G 72159.971429  405481.303677  300470.910690    305.5928081     9.913942      0.0000      0.0000
G 72169.885371  405471.427968  300471.780526    305.2695084    10.105026      0.0000      0.0000
G 72179.990397  405461.357539  300472.615997    304.9853413     9.959843      0.0000      0.0000
G 72189.950240  405451.428219  300473.395151    304.6106216    10.018867      0.0000      0.0000
G 72199.969107  405441.435616  300474.120118    304.3394893     9.979509      0.0000      0.0000
G 72209.948616  405431.479282  300474.799840    304.0680886    10.058567      0.0000      0.0000
G 72220.007183  405421.441245  300475.442159    303.8531409     9.886812      0.0000      0.0000
G 72229.893995  405411.572536  300476.040193    303.6958926    10.033584      0.0000      0.0000
G 72239.927579  405401.555856  300476.622365    303.6841862    10.055990      0.0000      0.0000
G 72249.983569  405391.516701  300477.203991    303.6615775     9.894820      0.0000      0.0000
G 72259.878389  405381.638243  300477.772787    303.7895881     5.019670      0.0000      0.0000
G 72264.898059  405376.627464  300478.071415    303.7446918     4.944940      0.0000      0.0000
G 72269.842999  405371.691076  300478.362116    303.5050011     4.798449      0.0000      0.0000
G 72274.641448  405366.899898  300478.626168    303.7884658     5.197333      0.0000      0.0000
G 72279.838781  405361.711765  300478.935274    303.8278678     4.538107      0.0000      0.0000
G 72284.376888  405357.181858  300479.207977    303.7808979     6.537260      0.0000      0.0000
G 72290.914148  405350.656124  300479.595998    304.1254949     4.235337      0.0000      0.0000
G 72295.149485  405346.429677  300479.870269    304.0590427     4.663374      0.0000      0.0000
G 72299.812859  405341.775779  300480.167401    303.9953773     4.557029      0.0000      0.0000
G 72304.369888  405337.227721  300480.453209    303.9160095     4.633100      0.0000      0.0000
G 72309.002988  405332.603384  300480.738023    304.0311755     5.623502      0.0000      0.0000
G 72314.626490  405326.991152  300481.093874    304.0640763     5.218277      0.0000      0.0000
G 72319.844767  405321.783505  300481.426774    303.9874886     9.880152      0.0000      0.0000
G 72329.724919  405311.922727  300482.045216    303.9477445    10.034130      0.0000      0.0000
G 72339.759049  405301.907883  300482.667044    303.9920468     9.946887      0.0000      0.0000
G 72349.705936  405291.980546  300483.290374    303.9696282    10.009954      0.0000      0.0000
G 72359.715890  405281.990046  300483.914138    303.9398811    10.051172      0.0000      0.0000
G 72369.767062  405271.958116  300484.535783    303.9260701     9.924733      0.0000      0.0000
G 72379.691795  405262.052250  300485.147459    303.9404244     9.962037      0.0000      0.0000
G 72389.653832  405252.109290  300485.763676    303.9646823    10.016062      0.0000      0.0000
G 72399.669894  405242.112645  300486.387044    303.9537056     9.967494      0.0000      0.0000
G 72409.637388  405232.164367  300487.005674    303.9477280     9.970304      0.0000      0.0000
G 72419.607692  405222.213227  300487.623544    303.9401997     9.939679      0.0000      0.0000
G 72429.547371  405212.292580  300488.238343    303.9525369    10.056695      0.0000      0.0000
G 72439.604066  405202.255261  300488.862325    303.9533262     9.972510      0.0000      0.0000
G 72449.576576  405192.301973  300489.481207    303.9189824    10.092610      0.0000      0.0000
G 72459.669186  405182.228480  300490.102108    303.9102090     9.899694      0.0000      0.0000
G 72469.568880  405172.347454  300490.709779    303.9548472    10.046575      0.0000      0.0000
G 72479.615455  405162.320258  300491.333497    303.9131510     9.885733      0.0000      0.0000
G 72489.501188  405152.453195  300491.940767    303.8695764    10.036917      0.0000      0.0000
G 72499.538105  405142.434813  300492.550467    303.8703046     9.979910      0.0000      0.0000
G 72509.518015  405132.473340  300493.156818    303.9216319     9.943960      0.0000      0.0000
G 72519.461975  405122.548242  300493.768987    303.8862740     9.988175      0.0000      0.0000
G 72529.450150  405112.578672  300494.378341    303.7952608     9.970996      0.0000      0.0000
G 72539.421146  405102.625390  300494.972418    303.7815816    10.105023      0.0000      0.0000
G 72549.526169  405092.538189  300495.572313    303.7010269     9.932766      0.0000      0.0000
G 72559.458935  405082.622204  300496.149435    303.5488298     9.961640      0.0000      0.0000
G 72569.420575  405072.676037  300496.704458    303.3933971     9.998064      0.0000      0.0000
